https = [1196361898,1201983303,1235459213,1238448374,1250833632,1312811960,1341852787,1153357236,1167431941,1241300028,1194282376,1190663213,1214951450,1120875663,1298716530,1180829278,1150071411,2426596414,3293781578,1220721899,1592326214,1590421024,1602733827,1593516060,1598785071,1592495088,1604779527,1595487896,1589587384,1583913367,1596327446,1604776669,1599552830,1597472720,1585609013,1597954963,1592570115,1588843873,1589999430,1593477177,1282495290,1274053067,1297905051,1615491347,1413829068,1313101037,1235525082,1278032699,1309238924,1280698390,1343411274,1319877814,1313538084,1392186336,1599861113,1449643813,1235609661,1262217704,1246211856,1254846761,2043904957,2040058024,1792516596,1807915750,1890962059,1813273231,1745511119,2142783237,2131330738,1861681392,1901785148,2129151092,1802101156,1886152935,1855306270,1818211296,1672557858,2114475246,1873942865,2544171423,3733422654,3566033362,3232217762,2808574324,2398044392,2311715995,3416717418,12124774752,5501441583,2784065346,3382455313,2581608121,3399779853,4514647277,4473080929,4021883441,3121229296,3202823956,2824000097,2797543966,1636882466,1642162594,1632749442,1640161916,1629475923,1642047658,1641540317,1633491255,1636424241,1645285591,1640291543,1645161114,1636120155,1633347547,1677561576,1632329548,1641471687,1641816736,1636681219,1657608312,1325290292,1325520139,1330398402,1323069911,1337579623,1323189151,1276829193,1322219648,1322757719,1323607121,1322167312,1321664635,1323022696,1326121476,1323753539,1323244512,1275736207,1275063608,1275109248,1324063162,1192622714,1442134705,1230462157,1180385879,1210612130,1117121034,1286564824,1156006928,1260848794,1189997868,1200787020,1199992000,1248746111,1181474372,1218818730,1172970904,1153304301,1160808925,1233451365,1168178974,1276237660,1184016115,1608415720,1216927242,1223208312,1154706225,1412972203,1267129914,1264970324,1504842535,1475272757,1320629036,1446343866,2380420576,1846318714,1475236632,1888336148,1625619598,1734472893,1201670734,1897899247,1860314920,1827114297,1812612642,3212388273,1991087951,1854594115,2034959788,2989232663,1850375613,1764253181,2760708578,1928101016,2989458065,2613104620,1845924936,3557141290,2131553315,5649843390,5474787151,1556773121,1431969245,1336513518,1319802747,1327073239,1315912976,1407874070,1256538143,1305373900,1302131590,1288298538,1359682464,1262229570,1304799186,1265326511,1325791739,1339017719,1266319884,1316720210,1286847726,1494938568,1360425609,1365924323,1356802598,1396223250,1399928364,1352244889,1402970917,1407599174,1360859966,1353513501,1405122945,1356959449,1353158376,1402950502,1354220415,3820605542,3866905272,3865966964,3875056552,1904667254,1748733224,1929661368,1845837450,1765949401,8311632329,2563442778,2676450062,2597174598,2992275986,1820980838,2831281549,1992250138,1933923487,1926145565,1966554341,4806458125,1874385202,1768617225,1861857074,439066420,429031499,395822043,397572077,473678935,394388253,2709717488,2675622223,2653943916,670130815,2710090655,2575112516,2586869814,2631409624,399595543,394976952,1574878265,613637937,2807835801,2733725590,1139775773,1159138488,1111065516,1110660353,1161108268,1155948140,1157626791,1164205224,1126934061,1111338739,1163095757,1109832555,1156975411,1111051735,1116329196,1158573007,1154725171,1113804947,1156496233,1110376078,318923421,326387463,304323928,369279001,304820746,339187622,294525469,335051344,303674312,284998110,321314460,307947470,314756337,348406325,520544693,333698059,291532268,314477047,315246094,316785365,1274695589,1276198203,1283025985,1315496836,1283652509,1282196162,1282785599,1237537467,1248107048,1247074678,1246035269,1244454696,1229736715,1279212492,1238413349,1272457113,1237025205,1231177715,1226337904,1280002097,1486528672,1487841965,1534769178,1503675558,1590628023,1437667235,1550742506,1490816457,1457544829,1585962912,1520350602,1514601821,1466295298,1503057011,1536238966,1468470791,1582941305,1555848900,1573223619,1494269324,1344939858,1320696522,1432494727,1271548306,1264842795,1318106282,1350963015,1279305279,1350690083,1242540319,1272591464,1297549722,1421745914,1318066592,1345155636,1439831948,1382381655,1298656698,1273706659,1322740017,1346866530,1322156067,1355656241,1448128501,1261082014,1252526096,1344561985,1319009266,1217033330,3300820255,1805370772,3397876380,1273604600,3715776271,12504047540,1294635329,1844243391,3533141761,1264687314,3063870990,1912953103,1959258573,1972773832,1982071359,1947367304,2006626422,1967393734,2091167918,1853454108,2030882866,1936403305,1885554933,1869893363,1888060183,1940974952,1966240382,1907710999,7267211763,2778789620,2576866639,1210831886,1267948787,1255302407,1244167030,1264868580,1245933211,1209750537,1213210744,1236995217,1201597369,1198889336,1195234348,1271174461,1214848809,1265180233,1263880873,1246503268,1211969054,1274320503,1213798078,1487417348,1435362119,1426700776,1471084350,1442269220,1406502170,1413841101,1463414598,3711359162,1477528846,3853048773,1461621213,2009936418,1451752337,1528444338,1424740455,2943214523,1741937556,1495196159,3625245008,73686107120,10258614766,8527340325,9665449456,8246646764,7612933705,5145636230,5851711567,6239152396,6601106632,8157132634,66395068721,22979153646,15011949352,9955228634,5675079608,26003634208,10154595130,5643415478,12143024764,763048564,2865051842,1966979950,1656035107,5502110250,760871030,855044340,813676464,1138312479,4028906671,2020594010,7040469220,723205061,774940979,803717166,805233241,718716865,2716848637,1616799416,1032177888,1220542103,1165983449,1160411553,1219639364,1167176987,1209379576,1168545141,1165972393,1214011603,1158296976,1167333275,1221382591,1224338528,1165962957,1165053597,1212622684,1212961631,1208929926,1214321814,1174576599,1341422210,1271900604,1371689514,1229654084,1244063657,1265148711,1374082839,1422137074,1406261220,1332312295,1269550178,1277867914,1207962227,1195949533,1237192760,1207210860,1203547524,1233289297,1217944938,1242310624,2095808205,2302524091,1902718364,1909804444,1896692392,1822178089,1878254957,1838467662,2119029385,1872628165,1883920582,1881980550,1877796281,1870546787,1840854646,1885864249,1833019932,1895083947,1838503983,1824292439,2498796954,2102385123,1946621022,2097271086,1729026325,1704201319,1737202792,1865333648,1723830908,1891794359,1837248991,1772587010,1724422746,2495707848,1694374054,1731244087,1704467285,1844858573,1942846781,1683024303,1191608378,1194595539,1191169175,1202266449,1190894808,1195035014,1188949343,1201138338,1225070670,1241376136,1242411880,1196956835,1259307212,1188623975,1247891181,1221436554,1200125618,1240383273,1238338931,1194051416,1267389679,1335803151,1296794935,1232580706,1294619095,1280312019,1321221864,1319145788,1275903358,1317702458,1298795094,1258502666,1294352733,1283834450,1314354586,1304713263,1238906104,1245561849,1303591046,1311737963,11515914755,10962043165,12022767352,11392082412,10797326022,11247458633,11291347558,11184639052,10987031360,11149989879,10843732805,4045032432,4706982065,10121572366,7205119665,4137694668,4006697689,4016053549,4014565405,3962946387,998203969,917120143,917807116,898109105,914146357,916537100,948834177,912267374,903582575,1012558447,889768752,905916217,917900955,874292622,961678711,988556205,915191000,1195591619,902725923,975461714,1492366054,1423446795,1418502128,1511777625,1554248001,1566032672,1501403533,1461484666,1473117360,1383334264,1569660074,1490879780,1567210196,1499961186,3035965080,2687297859,2954491856,1726554097,3052755864,1543169214,2476923693,1662649360,1681485912,1701590506,1681641192,1714224240,1668160490,1688315198,1695575576,1712597559,1628242025,1706434853,1724562791,1644664324,1644590069,1649029352,1633554329,1656176530,1645810951,1723034244,1330473524,10312818342,10320844643,1320436581,1277258816,1292707912,1292846954,1311473724,1299835951,1333042673,1330021052,1320965594,1347087374,1332857389,1323999971,1329858657,1357148782,1324605131,1264051707,1302715444,1926586000,1175786404,1170444129,1213930823,1222544428,1174310592,1213789147,1172804533,1166135115,