% load carsmall
% boxplot(MPG,Origin)
% title('Miles per Gallon by Vehicle Origin')
% xlabel('Country of Origin')
% ylabel('Miles per Gallon (MPG)')

mobile_2g = [341, 176, 196, 176, 317, 476, 299, 399, 295, 174, 459, 202, 515, 177, 333, 299, 274, 516, 201, 400, 274, 277, 274, 395, 419, 279, 279, 353, 256, 280, 438, 399, 280, 280, 275, 400, 340, 175, 176, 400, 277, 279, 277, 273, 359, 275, 278, 273, 278, 259, 392, 175, 274, 416, 277, 258, 280, 273, 394, 274, 279, 652, 412, 272, 435, 517, 272, 279, 397, 276, 239, 256, 395, 252, 294, 279, 419, 278, 274, 275, 275, 277, 276, 396, 396, 277, 274, 275, 278, 414, 278, 400, 277, 278, 277, 393, 251, 258, 257, 254, 260, 260, 258, 254, 256, 258];
pc_2g = [632, 281, 199, 210, 405, 339, 261, 173, 188, 362, 218, 234, 390, 249, 267, 280, 177, 172, 212, 245, 280, 319, 336, 210, 189, 185, 181, 181, 377, 214, 247, 503, 280, 177, 193, 211, 367, 244, 261, 278, 175, 190, 206, 224, 258, 197, 334, 290, 324, 204, 238, 258, 274, 171, 212, 386, 203, 240, 256, 274, 194, 210, 226, 277, 275, 275, 267, 264, 180, 199, 238, 273, 272, 291, 285, 181, 179, 277, 171, 811, 291, 188, 826, 265, 282, 220, 340, 273, 451, 208, 485, 246, 357, 257, 174, 191, 189, 186, 842, 238, 219, 434, 272, 291, 188];
mobile_3g = [145, 105, 105, 105, 104, 104, 104, 104, 104, 109, 108, 103, 103, 103, 104, 104, 104, 104, 103, 107, 120, 119, 118, 117, 116, 114, 119, 113, 117, 110, 118, 118, 114, 114, 114, 134, 119, 113, 118, 118, 113, 118, 112, 111, 191, 231, 191, 231, 192, 232, 261, 196, 209, 249, 258, 219, 259, 200, 264, 200, 261, 200, 246, 281, 247, 281, 263, 1792, 793, 139, 138, 137, 135, 135, 133, 132, 131, 130, 133, 127, 126, 130, 123, 123, 141, 140, 139, 138, 137, 136, 135, 134, 143, 137, 136, 124, 122, 139, 144, 138, 144, 139, 139, 139, 138, 136, 136];
pc_3g = [117, 104, 111, 117, 103, 109, 114, 120, 106, 110, 120, 123, 3447, 2789, 1958, 991, 386, 153, 471, 105, 109, 114, 120, 104, 109, 113, 117, 103, 107, 111, 116, 121, 107, 113, 114, 122, 103, 107, 131, 116, 128, 106, 111, 116, 120, 2810, 1844, 871, 149, 153, 158, 162, 146, 505, 156, 160, 145, 150, 179, 164, 156, 154, 159, 157, 165, 154, 144, 2655, 1732, 914, 150, 168, 153, 322, 314, 146, 157, 149, 160, 174, 163, 153, 147, 164, 150, 161, 173, 159, 150, 160, 152, 144, 155, 147, 153, 148, 227, 148, 165, 3697, 2727, 1783, 832, 151];
mobile_4g = [48, 107, 45, 44, 102, 53, 80, 48, 107, 90, 125, 55, 103, 53, 51, 59, 69, 98, 77, 55, 53, 52, 60, 50, 60, 96, 65, 53, 52, 61, 60, 98, 97, 66, 54, 53, 51, 59, 49, 96, 55, 74, 53, 122, 121, 69, 127, 46, 56, 54, 54, 52, 101, 60, 58, 47, 56, 57, 54, 47, 55, 55, 93, 52, 51, 104, 48, 66, 65, 53, 51, 50, 109, 47, 96, 55, 53, 52, 45, 40, 100, 48, 82, 54, 52, 51, 50, 48, 97, 56, 39, 53, 103, 85, 70, 108, 46, 95, 54, 51, 50, 59, 58, 56, 69, 88, 61, 99, 48, 76, 55, 93, 51, 80, 48, 48, 57, 56, 54, 92, 51, 66, 111, 50, 100, 59, 108, 56, 111, 101, 53, 51, 90, 50, 97, 56, 85, 55, 54, 76, 60, 50, 48, 97, 86, 55, 94, 54, 78, 52, 50, 49, 59, 46, 55, 94];
pc_4g = [116, 54, 92, 59, 97, 56, 106, 52, 101, 105, 83, 112, 116, 60, 68, 54, 120, 102, 60, 118, 106, 91, 84, 57, 107, 84, 52, 98, 55, 89, 61, 49, 59, 66, 111, 102, 59, 55, 77, 171, 89, 71, 66, 102, 58, 56, 115, 75, 70, 117, 95, 52, 62, 59, 108, 104, 53, 51, 59, 56, 77, 51, 69, 55, 56, 53, 112, 59, 56, 55, 46, 64, 64, 101, 50, 59, 117, 58, 97, 67, 99, 57, 97, 43, 103, 51, 88, 56, 104, 102, 70, 116, 105, 103, 61, 118, 95, 74, 54, 99, 83, 95, 44, 103, 100, 89, 57];

names = ['mobile_2g'; 'mobile_2g'; 'mobile_2g'; 'mobile_2g'; 'mobile_2g'; 'mobile_2g'; 'mobile_2g'; 'mobile_2g'; 'mobile_2g'; 'mobile_2g'; 'mobile_2g'; 'mobile_2g'; 'mobile_2g'; 'mobile_2g'; 'mobile_2g'; 'mobile_2g'; 'mobile_2g'; 'mobile_2g'; 'mobile_2g'; 'mobile_2g'; 'mobile_2g'; 'mobile_2g'; 'mobile_2g'; 'mobile_2g'; 'mobile_2g'; 'mobile_2g'; 'mobile_2g'; 'mobile_2g'; 'mobile_2g'; 'mobile_2g'; 'mobile_2g'; 'mobile_2g'; 'mobile_2g'; 'mobile_2g'; 'mobile_2g'; 'mobile_2g'; 'mobile_2g'; 'mobile_2g'; 'mobile_2g'; 'mobile_2g'; 'mobile_2g'; 'mobile_2g'; 'mobile_2g'; 'mobile_2g'; 'mobile_2g'; 'mobile_2g'; 'mobile_2g'; 'mobile_2g'; 'mobile_2g'; 'mobile_2g'; 'mobile_2g'; 'mobile_2g'; 'mobile_2g'; 'mobile_2g'; 'mobile_2g'; 'mobile_2g'; 'mobile_2g'; 'mobile_2g'; 'mobile_2g'; 'mobile_2g'; 'mobile_2g'; 'mobile_2g'; 'mobile_2g'; 'mobile_2g'; 'mobile_2g'; 'mobile_2g'; 'mobile_2g'; 'mobile_2g'; 'mobile_2g'; 'mobile_2g'; 'mobile_2g'; 'mobile_2g'; 'mobile_2g'; 'mobile_2g'; 'mobile_2g'; 'mobile_2g'; 'mobile_2g'; 'mobile_2g'; 'mobile_2g'; 'mobile_2g'; 'mobile_2g'; 'mobile_2g'; 'mobile_2g'; 'mobile_2g'; 'mobile_2g'; 'mobile_2g'; 'mobile_2g'; 'mobile_2g'; 'mobile_2g'; 'mobile_2g'; 'mobile_2g'; 'mobile_2g'; 'mobile_2g'; 'mobile_2g'; 'mobile_2g'; 'mobile_2g'; 'mobile_2g'; 'mobile_2g'; 'mobile_2g'; 'mobile_2g'; 'mobile_2g'; 'mobile_2g'; 'mobile_2g'; 'mobile_2g'; 'mobile_2g'; 'mobile_2g'; '  pc_2g  '; '  pc_2g  '; '  pc_2g  '; '  pc_2g  '; '  pc_2g  '; '  pc_2g  '; '  pc_2g  '; '  pc_2g  '; '  pc_2g  '; '  pc_2g  '; '  pc_2g  '; '  pc_2g  '; '  pc_2g  '; '  pc_2g  '; '  pc_2g  '; '  pc_2g  '; '  pc_2g  '; '  pc_2g  '; '  pc_2g  '; '  pc_2g  '; '  pc_2g  '; '  pc_2g  '; '  pc_2g  '; '  pc_2g  '; '  pc_2g  '; '  pc_2g  '; '  pc_2g  '; '  pc_2g  '; '  pc_2g  '; '  pc_2g  '; '  pc_2g  '; '  pc_2g  '; '  pc_2g  '; '  pc_2g  '; '  pc_2g  '; '  pc_2g  '; '  pc_2g  '; '  pc_2g  '; '  pc_2g  '; '  pc_2g  '; '  pc_2g  '; '  pc_2g  '; '  pc_2g  '; '  pc_2g  '; '  pc_2g  '; '  pc_2g  '; '  pc_2g  '; '  pc_2g  '; '  pc_2g  '; '  pc_2g  '; '  pc_2g  '; '  pc_2g  '; '  pc_2g  '; '  pc_2g  '; '  pc_2g  '; '  pc_2g  '; '  pc_2g  '; '  pc_2g  '; '  pc_2g  '; '  pc_2g  '; '  pc_2g  '; '  pc_2g  '; '  pc_2g  '; '  pc_2g  '; '  pc_2g  '; '  pc_2g  '; '  pc_2g  '; '  pc_2g  '; '  pc_2g  '; '  pc_2g  '; '  pc_2g  '; '  pc_2g  '; '  pc_2g  '; '  pc_2g  '; '  pc_2g  '; '  pc_2g  '; '  pc_2g  '; '  pc_2g  '; '  pc_2g  '; '  pc_2g  '; '  pc_2g  '; '  pc_2g  '; '  pc_2g  '; '  pc_2g  '; '  pc_2g  '; '  pc_2g  '; '  pc_2g  '; '  pc_2g  '; '  pc_2g  '; '  pc_2g  '; '  pc_2g  '; '  pc_2g  '; '  pc_2g  '; '  pc_2g  '; '  pc_2g  '; '  pc_2g  '; '  pc_2g  '; '  pc_2g  '; '  pc_2g  '; '  pc_2g  '; '  pc_2g  '; '  pc_2g  '; '  pc_2g  '; '  pc_2g  '; '  pc_2g  '; 'mobile_3g'; 'mobile_3g'; 'mobile_3g'; 'mobile_3g'; 'mobile_3g'; 'mobile_3g'; 'mobile_3g'; 'mobile_3g'; 'mobile_3g'; 'mobile_3g'; 'mobile_3g'; 'mobile_3g'; 'mobile_3g'; 'mobile_3g'; 'mobile_3g'; 'mobile_3g'; 'mobile_3g'; 'mobile_3g'; 'mobile_3g'; 'mobile_3g'; 'mobile_3g'; 'mobile_3g'; 'mobile_3g'; 'mobile_3g'; 'mobile_3g'; 'mobile_3g'; 'mobile_3g'; 'mobile_3g'; 'mobile_3g'; 'mobile_3g'; 'mobile_3g'; 'mobile_3g'; 'mobile_3g'; 'mobile_3g'; 'mobile_3g'; 'mobile_3g'; 'mobile_3g'; 'mobile_3g'; 'mobile_3g'; 'mobile_3g'; 'mobile_3g'; 'mobile_3g'; 'mobile_3g'; 'mobile_3g'; 'mobile_3g'; 'mobile_3g'; 'mobile_3g'; 'mobile_3g'; 'mobile_3g'; 'mobile_3g'; 'mobile_3g'; 'mobile_3g'; 'mobile_3g'; 'mobile_3g'; 'mobile_3g'; 'mobile_3g'; 'mobile_3g'; 'mobile_3g'; 'mobile_3g'; 'mobile_3g'; 'mobile_3g'; 'mobile_3g'; 'mobile_3g'; 'mobile_3g'; 'mobile_3g'; 'mobile_3g'; 'mobile_3g'; 'mobile_3g'; 'mobile_3g'; 'mobile_3g'; 'mobile_3g'; 'mobile_3g'; 'mobile_3g'; 'mobile_3g'; 'mobile_3g'; 'mobile_3g'; 'mobile_3g'; 'mobile_3g'; 'mobile_3g'; 'mobile_3g'; 'mobile_3g'; 'mobile_3g'; 'mobile_3g'; 'mobile_3g'; 'mobile_3g'; 'mobile_3g'; 'mobile_3g'; 'mobile_3g'; 'mobile_3g'; 'mobile_3g'; 'mobile_3g'; 'mobile_3g'; 'mobile_3g'; 'mobile_3g'; 'mobile_3g'; 'mobile_3g'; 'mobile_3g'; 'mobile_3g'; 'mobile_3g'; 'mobile_3g'; 'mobile_3g'; 'mobile_3g'; 'mobile_3g'; 'mobile_3g'; 'mobile_3g'; 'mobile_3g'; 'mobile_3g'; '  pc_3g  '; '  pc_3g  '; '  pc_3g  '; '  pc_3g  '; '  pc_3g  '; '  pc_3g  '; '  pc_3g  '; '  pc_3g  '; '  pc_3g  '; '  pc_3g  '; '  pc_3g  '; '  pc_3g  '; '  pc_3g  '; '  pc_3g  '; '  pc_3g  '; '  pc_3g  '; '  pc_3g  '; '  pc_3g  '; '  pc_3g  '; '  pc_3g  '; '  pc_3g  '; '  pc_3g  '; '  pc_3g  '; '  pc_3g  '; '  pc_3g  '; '  pc_3g  '; '  pc_3g  '; '  pc_3g  '; '  pc_3g  '; '  pc_3g  '; '  pc_3g  '; '  