http1Time = [327587434, 302466497, 327862107, 326925506, 321118931, 328928438, 323664245, 326538385, 333599723, 1207158388, 332696463, 328157990, 333977957, 335136761, 285192895, 333157372, 326885225, 333364171, 1094294007, 327940000, 261849445, 259391321, 332831740, 305863771, 332643212, 328009274, 329151543, 334170672, 321680272, 335391624, 323006500, 326602838, 328349151, 327944440, 321879595, 331403136, 329604093, 329457492, 317267834, 330005884, 329738167, 329746840, 319653400, 326397082, 321855861, 995332596, 328295612, 326445854, 972920809, 317182039, 331389028, 328591503, 328202925, 323377523, 334326829, 344367744, 332636765, 329437775, 327350127, 331620125, 327958445, 328375110, 328385574, 332531171, 327715523, 326139704, 321087550, 326969651, 331170138, 335701723, 327919870, 1153397414, 273392001, 325487578, 336810759, 326709708, 329529187, 337596290, 328041551, 333323663, 333282608, 330791692, 275306190, 340666381, 328874901, 335362561, 942784221, 331125507, 1081353471, 332464190, 319708563, 340743595, 326221680, 319848146, 334239924, 327570865, 327707992, 338248195, 324506653, 334555219, 334174662, 459960667, 327937431, 324737325, 311195000, 330114173, 336367495, 337072456, 328513497, 333070701, 335432760];
http2Time = [302932108, 282336643, 301110314, 278864427, 304275846, 299907092, 300374822, 296460962, 298087095, 933607138, 300079809, 306188083, 300602147, 308871992, 296115656, 304183132, 291895328, 303585610, 925735675, 280964166, 302742031, 308118691, 295186484, 301324707, 308310108, 294078609, 278219808, 298492363, 289435237, 292315527, 301740030, 300725471, 304144343, 332920894, 295588027, 295030484, 313391744, 294257769, 273996004, 309918826, 306503934, 307593792, 288299153, 292682521, 289833822, 305355214, 307810835, 317791214, 1025143749, 307073794, 301847049, 293993137, 305532940, 289802277, 304261205, 299104221, 307374849, 296500480, 269058859, 310069749, 298953628, 294787308, 325949921, 296354496, 308325761, 294860437, 284920589, 299825553, 321450683, 296867043, 302346421, 932844639, 297764995, 305376301, 287360080, 298108481, 298077973, 307151446, 303173526, 298175706, 298242285, 290541567, 270616719, 294469320, 306709478, 300163387, 1132111861, 295760429, 951154444, 302922077, 300831034, 287887943, 299646106, 298727445, 306039900, 301154465, 291014754, 340230185, 296964468, 300338490, 304838565, 286644849, 308088028, 314052042, 256563432, 302125735, 273689783, 297925826, 307390718, 308499054, 315658669];
http1Time_1 = [89046282, 79168950, 83319306, 83424029, 82454766, 83923958, 85189018, 80716771, 92228631, 351978243, 88200023, 89454098, 92442928, 92323435, 81957008, 90478297, 84497114, 89233537, 242507426, 84965000, 75095006, 74212111, 85594654, 87375602, 90944721, 87254873, 88513632, 86827221, 84108066, 88944791, 84427133, 82154863, 86200778, 86117118, 79191232, 88247026, 89452821, 83859661, 79750449, 86357742, 83564429, 82615359, 84350491, 86540434, 81343527, 266237785, 85482693, 81331361, 270002357, 80614250, 85829837, 87501234, 87274161, 81283200, 92819538, 99016964, 94943998, 86514556, 85135470, 86820945, 85599612, 91496217, 84840654, 87068505, 82768645, 87783222, 87105134, 83235927, 87840229, 87724277, 86759183, 310368311, 74877188, 82470750, 94340389, 85367884, 86421539, 93653508, 83592856, 88957776, 85981296, 88740348, 73069017, 94282551, 83622271, 91316846, 214945305, 90004053, 235225037, 89081460, 80401302, 93146420, 85870256, 76470019, 90493705, 88585690, 83439108, 98366243, 80617777, 91489863, 88001451, 215448473, 85592307, 83165641, 82315801, 86692764, 92836664, 94955971, 85047023, 89730342, 94548638];
http2Time_1 = [81655380, 82369546, 78786161, 71756537, 80752343, 81229260, 82847158, 80686405, 77925635, 231507172, 80707811, 83358609, 80701183, 81089982, 79824169, 82307229, 82916583, 82398617, 212000259, 78640377, 80388026, 83336537, 83837428, 83429535, 83822357, 83152475, 77835620, 87177021, 80126305, 81043615, 79558750, 79452405, 81833065, 78649789, 78181073, 78219228, 86622142, 87251111, 80302448, 85503707, 86497935, 82898684, 81042085, 83544829, 80045835, 84549476, 79521567, 81542801, 217885725, 82115193, 79951955, 82897002, 81595382, 78754044, 80912248, 89117705, 79113355, 80682541, 77952850, 83779442, 79351643, 85894020, 83132307, 78834360, 84519582, 83505920, 79539152, 79222290, 84745772, 81100453, 80980684, 233856278, 82564636, 83665447, 76176206, 79477767, 80997635, 82432826, 85602162, 78430737, 77822445, 83226108, 82146478, 83491556, 80336941, 81897051, 310869962, 79575059, 263384363, 78872887, 82498776, 82980109, 80349032, 79094529, 84240547, 81631099, 83626721, 86863473, 78509791, 87484267, 83174077, 75629788, 84431697, 84060209, 76669583, 77414984, 76311130, 86032027, 86296207, 78783276, 87747281];
http1Time_2 = [43262064, 38506888, 43018762, 43769428, 42713249, 43723107, 44247033, 43725270, 42974445, 144353733, 44039817, 43042778, 42844283, 44081238, 37441791, 43728065, 42773698, 43463265, 146119906, 43419969, 37957502, 37534833, 43849452, 42806837, 43222064, 42366335, 44332399, 43690841, 42936163, 42872414, 43274658, 44698268, 43055359, 42526751, 43178344, 44117994, 42729483, 43104130, 42843192, 43263736, 43547791, 43572722, 43146464, 43027795, 43520179, 126898688, 43983965, 44008501, 123928671, 42307831, 43623579, 43768067, 43485834, 43555220, 42673740, 43359604, 42458093, 43653711, 43193807, 43703466, 43563270, 43078451, 43625518, 42787434, 43345640, 42917131, 42582817, 44520421, 43809389, 51329184, 43091332, 149778253, 41112928, 42728548, 43235511, 43433408, 42961858, 43601029, 43075021, 43219418, 44053797, 42892688, 37504720, 43675925, 44348403, 43754271, 127581131, 42239851, 146771481, 43429214, 43091674, 43371753, 42621803, 43667970, 43264653, 43136363, 42953722, 43408545, 43925454, 43968276, 43383313, 42500240, 42596019, 43302162, 42673870, 44056767, 42530573, 42364943, 44464087, 43362120, 42844097];
http2Time_2 = [41297398, 38062178, 43788190, 40730394, 41077763, 41542354, 40112584, 40886374, 41449851, 123743638, 40631654, 40981390, 40861379, 41160393, 40284404, 40397516, 40736421, 40837230, 121357056, 40868380, 40039216, 41288452, 40549024, 40085171, 41285813, 41455255, 40492780, 40872114, 40189896, 41533567, 41874945, 40075052, 40934840, 43791331, 39944812, 40902143, 41189548, 41906208, 37048499, 41108192, 41699748, 40898077, 40983602, 40837336, 40683883, 36355828, 41327399, 48168120, 136543768, 41301475, 41981745, 41715100, 40431611, 40692582, 40464969, 40230753, 42000559, 41572407, 35930482, 40881807, 40220382, 41206179, 41011609, 40833477, 41384009, 41135686, 36307718, 41112517, 41232464, 38389841, 41000264, 123185349, 40116724, 41115321, 41026072, 40189944, 40759413, 41258661, 40646848, 40428312, 40407125, 40948530, 37122907, 41359972, 40276157, 40932419, 145081653, 40822810, 130834103, 40746808, 40697755, 41005328, 40850918, 41300075, 40608907, 41209806, 39992276, 41257002, 41106262, 41182514, 41098298, 40611269, 41296670, 41149975, 40237211, 40862486, 36244097, 41317099, 40541995, 40341677, 40175593];
