h1_fp_5 = 414988957.0;
h2_fp_5 = 417759291.55;
h1_fp_50 = 640052720.5;
h2_fp_50 = 729408785.5;
h1_fp_95 = 1017018757.55;
h2_fp_95 = 1094705412.35;

fp_5 = [h1_fp_5 h2_fp_5];
fp_50 = [h1_fp_50 h2_fp_50];
fp_95 = [h1_fp_95 h2_fp_95];

h1_fp_time = [474010942, 770167372, 650063644, 635266117, 449505494, 676246824, 434592710, 680042563, 637229160, 314313607, 454926904, 748906576, 464997308, 466698314, 645225422, 653100171, 734534011, 697262285, 726330807, 620244565, 970969292, 460007354, 640160010, 1017754976, 959201596, 734173853, 628747695, 443996601, 217855091, 838831851, 434982781, 465891227, 655821360, 620919538, 425975447, 1016118935, 436494654, 457826458, 1062371925, 675238796, 664926766, 473274229, 667008517, 1051289748, 580748422, 694791142, 1054262292, 461347016, 783482618, 629896587, 463881320, 466768011, 520445855, 454931880, 679497694, 664903674, 647533892, 674989382, 658112316, 623334571, 690379749, 1000407733, 1038874168, 469880277, 706184279, 455930692, 781464891, 639945431, 638493806, 646260338, 673231321, 459534918, 347343822, 655741602, 644960180, 655494378, 450155854, 635925790, 603525731, 729532964, 913613020, 412164487, 683954846, 637706588, 846031510, 1039687925, 668913405, 644619390, 469431176, 439363234, 837904644, 655263002, 653205263, 500520697, 792033961, 449741031, 400819052, 636069949, 1009882337, 305208389, 759057918, 634778636, 693950813, 1013459163, 614447862, 989590000, 471082014, 615468542, 418441087, 405589981, 621554051, 454646580, 467298401, 761863744, 449400153, 993887466, 654344563, 612006460, 756568175, 483614717, 440002209, 680647298, 627586126, 615877056, 467962981, 950454399, 696315866, 1514812552, 448113210, 610164603];
h2_fp_time = [811383515, 474353020, 443103226, 548347595, 457530225, 904749367, 375140249, 661475062, 401376200, 690119082, 920907541, 720484642, 467357185, 797373668, 1108552567, 621018846, 801241813, 803199594, 458232287, 481114292, 920233305, 754945386, 924070037, 777215533, 745710610, 730685901, 456167389, 597965194, 832319553, 1128918717, 770760103, 541434835, 457289944, 807728752, 715203850, 681012472, 724987380, 657588178, 742781159, 471409136, 813567089, 478197594, 579778728, 698235495, 514773991, 480260752, 688733235, 876594563, 711678306, 863674847, 819187454, 516267565, 726576217, 820736544, 794744436, 769451769, 669490494, 832881212, 737392587, 440715168, 893685365, 764403207, 799219232, 696585860, 718763689, 377126420, 450177025, 838379265, 1127937810, 717806492, 744002109, 716966534, 753124570, 324397106, 1096535075, 818878263, 434044626, 745852948, 709295786, 751108687, 890853037, 771147615, 461816923, 287283059, 698149103, 838164406, 619468364, 734281653, 410526973, 435792215, 738302558, 1323566026, 728131670, 735984033, 730835635, 404307628, 583146643, 426598792, 676114498, 741546290, 742503077, 453848185, 1064680242, 850620678, 680666013, 915915477, 726657563, 748877977, 739830224, 693498828, 995166927, 463137018, 722367279, 705764751, 1092469158, 434085747, 1090026906, 865773218, 731307059, 834416754, 1167612615, 833139363, 715559779, 766241486, 1124138501, 655742091, 716950313, 782664946, 576822824, 869854092];

h1_nfp_time = [7275873, 6523645, 117276869, 127868693, 42725634, 67747990, 42172903, 13871632, 84475579, 10654401, 11106766, 30348208, 49107625, 17854120, 64028159, 47624622, 61824652, 6574623, 59185927, 40399658, 4459336, 61444868, 11501280, 27723640, 11653758, 103806874, 39694867, 31630975, 100733944, 8986809, 90971540, 89612338, 12478552, 28500333, 24945288, 7446792, 41879850, 36502763, 6971948, 37356163, 56037340, 76726680, 6732634, 104433773, 39990518, 9061279, 148388941, 23056782, 14432630, 23529280, 88442146, 11049010, 34989922, 55104048, 8450402, 5089204, 6691166, 10147615, 62554016, 26744764, 53333698, 36328829];
h2_nfp_time = [114046760, 97059074, 26974318, 79252691, 31693786, 65172042, 114348752, 44082015, 120845880, 83015493, 64740019, 70494636, 80841703, 124430909, 31491017, 56883505, 34815343, 109077317, 120054186, 34524253, 59396938, 92778364, 27741715, 104679320, 61296995, 63760234, 51023618, 21259724, 44306990, 18848943, 53344604, 45751051, 35018380, 47763337, 49072059, 74924718, 216291916, 47023780, 52917946, 52453474, 49948839, 66780375, 92136709, 88624993, 49163871, 88537275, 42717335, 64893867, 24573708, 63560024, 66360335, 40184112];

h1_nfp_time = [35852339, 15022811, 60430407, 32466349, 43020344, 45425002, 55268383, 17774234, 56997942, 30551163, 31687326, 35558158, 34329726, 140393156, 97389605, 43496434, 36921025, 16606953, 34395447, 47582641, 17575675, 76169630, 37163831, 27992884, 34230819, 45386858, 29518709, 31355344, 52692142, 29141868, 111896364, 51876069, 19405745, 42252440, 94214512, 25925743, 81695432, 22087919, 73885789, 16610028, 47527970, 89822986, 34554239, 39796661, 63812095, 111206936, 31558881, 25493127, 39904930, 44362868, 36782638, 217315888, 50360431, 33285010, 18208306, 58130779, 32284139, 20403478, 22144610, 108413431, 32353283, 31993990];
h2_nfp_time = [25078322, 35841511, 40271123, 17086201, 48893301, 20333667, 37369289, 38099348, 22791278, 53203233, 26019153, 22005340, 24506657, 112594797, 18670253, 23131791, 19206541, 24685073, 17569047, 21112417, 23669029, 27396865, 55640980, 16288761, 34864247, 22751844, 21060258, 130268157, 19204754, 18845368, 23147819, 38764640, 26677588, 38379050, 21071054, 18795598, 28380248, 35395362, 53482327, 23630666, 37747707, 28252180, 24845874, 48806570, 19309746, 24199218, 21003133, 18679221, 43060136, 20602585, 29482716, 32949616];

h1_nfp_time = [434788811, 298875471, 638786020, 631906436, 736445511, 558005300, 478755074, 855548620, 748568185, 531882524, 632975476, 645147746, 372990582, 383363675, 781609627, 354986055, 514552332, 766132128, 781448655, 684905555, 762718684, 449631601, 817810677, 862248882, 507463611, 511194436, 462012494, 920613774, 192147307, 465336222, 279332221, 604556561, 649607231, 554918536, 215946783, 515955177, 194034010, 826448117, 463452959, 342570612, 865781139, 558784326, 364825279, 601098873, 284466274, 420148195, 539413320, 327058609, 689817838, 417389015, 469157679, 339407226, 836399038, 356502636, 446188931, 737429746, 728712786, 799225613, 419702700, 414095296, 672790508, 438351045, 360569159, 353333470, 817592957, 506987987, 465641374, 417643626, 882291449, 420946987, 603968631, 345799731, 728458022, 330892785, 534270141, 558664787, 381577717, 614464527, 740284262, 674858276, 386068552, 356760505, 494644974, 370522195, 545859415, 493635024, 812723643, 372091747, 386375443, 766319727, 401874475, 422524614, 722134644, 444015512, 408857904, 773759121, 510182711, 527375032, 378909461, 324776714, 671696988, 335878756, 822746347, 799716699, 574282197, 476974662, 595477648, 632066742, 362007118, 456963588, 408356168, 319273776, 639090555, 486002603, 534868075, 636831020, 557809401, 462806267, 860870305, 695707296, 591519860, 848141581, 464894905, 328466634, 548061246, 663948447, 808986794, 404891863, 544898070, 827658244];
